WARNING:
   Function #:PRINT-UNREADABLE-OBJECT has been redefined, so times may be inaccurate.
PROFILE it again to record calls to the new definition.
WARNING:
   Function #:WITH-OUTPUT-TO-STRING has been redefined, so times may be inaccurate.
PROFILE it again to record calls to the new definition.
  seconds  |     gc     |     consed    |    calls    |  sec/call  |  name
-----------------------------------------------------------------
     7.853 |      0.384 |     1,332,864 |  41,558,579 |   0.000000 | #:GETF
     5.764 |      0.000 |       620,032 |  30,178,421 |   0.000000 | #:ARRAY-DIMENSION
     2.494 |      0.000 |       362,848 |  19,757,241 |   0.000000 | #:ARRAY-HAS-FILL-POINTER-P
     1.652 |      0.000 |       223,184 |   7,599,871 |   0.000000 | #:%ROW-MAJOR-AREF
     1.540 |      0.000 |       174,832 |   7,388,346 |   0.000000 | #:ARRAY-RANK
     1.347 |      0.000 |        31,568 |  59,696,172 |   0.000000 | #:ARRAYP
     1.203 |      0.000 |       151,552 |   9,220,915 |   0.000000 | #:STRING
     1.016 |      0.000 |         1,760 |  26,199,001 |   0.000000 | #:VECTORP
     0.951 |      0.000 |        19,488 |  26,233,289 |   0.000000 | #:LISTP
     0.874 |      0.282 |    85,158,592 |     113,488 |   0.000008 | #:%SIMPLE-ARRAY-ELEMENT-TYPE
     0.830 |      0.000 |         1,088 |  21,285,075 |   0.000000 | #:CADR
     0.809 |      0.000 |        33,488 |   7,599,871 |   0.000000 | #:%SIMPLE-ARRAY-AREF
     0.784 |      0.000 |         6,528 |  24,283,814 |   0.000000 | #:CDDR
     0.703 |      0.000 |        64,592 |   8,689,127 |   0.000000 | #:LIST-LENGTH
     0.678 |      0.000 |           320 |     331,051 |   0.000002 | #:LISP-OBJECT-ADDRESS
     0.605 |      0.000 |        62,304 |   9,617,344 |   0.000000 | #:STRINGP
     0.576 |      0.000 |           288 |  10,937,194 |   0.000000 | #:FIRST
     0.574 |      0.000 |        95,072 |   3,774,978 |   0.000000 | #:FILL-POINTER
     0.474 |      0.000 |           224 |   5,857,311 |   0.000000 | #:IDENTITY
     0.417 |      0.000 |            96 |   2,741,303 |   0.000000 | #:CHAR=
     0.406 |      0.000 |           592 |   8,659,285 |   0.000000 | #:REST
     0.387 |      0.000 |    21,651,936 |     197,286 |   0.000002 | #:%MAKE-STRUCT
     0.360 |      0.000 |     6,781,680 |     193,605 |   0.000002 | #:MAKE-RESTART
     0.330 |      0.615 |   157,055,648 |   1,122,833 |   0.000000 | #:INTEGER-TYPE-P
     0.323 |      0.000 |        32,672 |   3,833,158 |   0.000000 | #:%STRUCT-SLOT
     0.311 |      0.000 |    31,705,856 |         739 |   0.000421 | #:HANDLE-TOP-LEVEL-FORM
     0.290 |      0.000 |           112 |   1,709,315 |   0.000000 | #:EQL
     0.281 |      0.000 |     8,946,096 |   2,258,676 |   0.000000 | #:+
     0.242 |      0.000 |           672 |   6,482,550 |   0.000000 | #:CHECK-VECTOR-HAS-FILL-POINTER
     0.236 |      0.183 |     3,378,000 |       8,528 |   0.000028 | #:%ALLOCATE-AND-FILL-ARRAY
     0.194 |      0.000 |            32 |   2,258,676 |   0.000000 | #:*
     0.171 |      0.000 |        34,448 |   1,743,787 |   0.000000 | #:HASH-TABLE-STORAGE
     0.158 |      0.000 |         1,072 |     186,035 |   0.000001 | #:DOTTED-LIST-LENGTH
     0.144 |      0.000 |         1,408 |     719,020 |   0.000000 | #:HASH-TABLE-TEST
     0.141 |      0.000 |           512 |     331,051 |   0.000000 | #:EQ-HASH
     0.123 |      0.000 |            64 |     353,544 |   0.000000 | #:HASH-TABLE-REHASH-REQUIRED
     0.110 |      0.000 |     4,872,672 |       5,566 |   0.000020 | #:%ALLOCATE-AND-CLEAR-ARRAY
     0.068 |      0.000 |        32,768 |     113,488 |   0.000001 | #:ARRAY-ELEMENT-TYPE
     0.057 |      0.000 |           208 |     518,791 |   0.000000 | #:ATOM
     0.053 |      0.000 |        56,992 |     122,836 |   0.000000 | #:BASE-CHAR-P
     0.048 |      0.000 |        24,656 |     279,228 |   0.000000 | #:PACKAGEP
     0.037 |      0.000 |        66,592 |     122,481 |   0.000000 | #:READTABLE-BASE-CHARACTERS
     0.037 |      0.000 |     4,217,216 |       6,920 |   0.000005 | #:GENSYM
     0.036 |      0.000 |             0 |     275,569 |   0.000000 | #:SECOND
     0.035 |      0.000 |             0 |      10,867 |   0.000003 | #:PEEK-CHAR
     0.031 |      0.000 |             0 |      84,838 |   0.000000 | #:CHAR-UPCASE
     0.029 |      0.000 |     1,474,192 |      21,348 |   0.000001 | #:EMIT
     0.028 |      0.000 |       328,480 |       3,540 |   0.000008 | #:FIND-VARIABLE
     0.026 |      0.000 |             0 |     122,836 |   0.000000 | #:CHAR-BITS
     0.023 |      0.000 |             0 |      50,818 |   0.000000 | #:READ-CHAR
     0.020 |      0.000 |             0 |      40,770 |   0.000000 | #:LEXICAL-VARIABLE-USE-COUNT
     0.019 |      0.000 |             0 |      32,499 |   0.000001 | #:LEXICAL-VARIABLE-P
     0.018 |      0.000 |           112 |      53,159 |   0.000000 | #:HASH-TABLE-USED
     0.013 |      0.000 |        32,752 |       2,145 |   0.000006 | #:FIND-IF
     0.010 |      0.000 |             0 |       9,934 |   0.000001 | #:PACKAGE-EXTERNAL-SYMBOLS
     0.008 |      0.000 |             0 |       5,581 |   0.000002 | #:FOURTH
     0.008 |      0.000 |             0 |       1,914 |   0.000004 | #:GO-TAG-USED-IN
     0.008 |      0.000 |       491,232 |       8,309 |   0.000001 | #:%MAKE-ARRAY-HEADER
     0.007 |      0.000 |             0 |       7,840 |   0.000001 | #:LEXICAL-VARIABLE-DEFINITION-POINT
     0.006 |      0.000 |       262,112 |       8,574 |   0.000001 | #:LIST
     0.006 |      0.000 |     1,572,160 |       5,849 |   0.000001 | #:REMOVE
     0.006 |      0.000 |       131,072 |         739 |   0.000009 | #:MACROEXPAND
     0.006 |      0.000 |             0 |      16,214 |   0.000000 | #:GO-TAG-P
     0.006 |      0.000 |             0 |       4,869 |   0.000001 | #:DECIMAL-POINT-P
     0.006 |      0.000 |             0 |       5,394 |   0.000001 | #:UNREAD-CHAR
     0.005 |      0.000 |             0 |       5,682 |   0.000001 | #:CHARACTERP
     0.005 |      0.000 |     1,505,424 |       5,600 |   0.000001 | #:CONSTANT-FOLD
     0.005 |      0.000 |             0 |       2,797 |   0.000002 | #:TAGBODY-INFORMATION-GO-TAGS
     0.005 |      0.000 |       163,408 |       1,438 |   0.000003 | #:%MAKE-HASH-TABLE
     0.005 |      0.000 |             0 |      12,632 |   0.000000 | #:PACKAGE-INTERNAL-SYMBOLS
     0.004 |      0.000 |             0 |       5,843 |   0.000001 | #:LAMBDA-INFORMATION-BODY
     0.004 |      0.000 |        32,768 |         103 |   0.000041 | #:CG-GO
     0.004 |      0.000 |             0 |       5,611 |   0.000001 | #:LAMBDA-INFORMATION-KEY-ARGS
     0.004 |      0.000 |             0 |       2,271 |   0.000002 | #:CG-QUOTE
     0.004 |      0.000 |     1,373,936 |           6 |   0.000594 | #:CONCAT-SYMBOLS
     0.003 |      0.000 |             0 |       2,187 |   0.000001 | #:GO-TAG-USE-COUNT
     0.003 |      0.000 |       655,360 |       6,798 |   0.000000 | #:REVERSE
     0.003 |      0.000 |             0 |          40 |   0.000074 | #:PROCLAIM
     0.003 |      0.000 |             0 |         114 |   0.000024 | #:MAKE-GO-TAG
     0.003 |      0.000 |             0 |      20,334 |   0.000000 | #:THIRD
     0.003 |      0.000 |             0 |          75 |   0.000036 | #:READ-SEMICOLON
     0.003 |      0.000 |             0 |       6,443 |   0.000000 | #:LAST
     0.003 |      0.000 |             0 |       1,438 |   0.000002 | #:MEMBER-TYPE
     0.002 |      0.000 |             0 |       5,536 |   0.000000 | #:IL-VARIABLE
     0.002 |      0.000 |             0 |       2,096 |   0.000001 | #:NTH
     0.002 |      0.000 |       294,576 |       1,651 |   0.000001 | #:MAKE-LEXICAL-VARIABLE
     0.002 |      0.000 |             0 |         660 |   0.000003 | #:PREDICATE-INFO
     0.002 |      0.000 |        32,752 |         109 |   0.000020 | #:FIND-VAR
     0.002 |      0.000 |            64 |       4,869 |   0.000000 | #:PLUS-SIGN-P
     0.002 |      0.000 |             0 |      14,949 |   0.000000 | #:LL-QUOTE
     0.002 |      0.000 |             0 |       4,910 |   0.000000 | #:MINUS-SIGN-P
     0.002 |      0.000 |             0 |       5,042 |   0.000000 | #:PACKAGE-USE-LIST
     0.002 |      0.000 |             0 |       4,614 |   0.000000 | #:LAMBDA-INFORMATION-REST-ARG
     0.002 |      0.000 |        35,952 |          19 |   0.000104 | #:FORMAT
     0.002 |      0.000 |             0 |         492 |   0.000004 | #:FOLLOW-STREAM-DESIGNATOR
     0.002 |      0.000 |             0 |       6,092 |   0.000000 | #:IL-QUOTE
     0.002 |      0.000 |             0 |       6,214 |   0.000000 | #:CP-QUOTE
     0.002 |      0.000 |             0 |       5,502 |   0.000000 | #:SIMP-VARIABLE
     0.001 |      0.000 |             0 |       2,468 |   0.000001 | #:FIND-FUNCTION
     0.001 |      0.000 |             0 |       4,567 |   0.000000 | #:LAMBDA-INFORMATION-REQUIRED-ARGS
     0.001 |      0.000 |             0 |           6 |   0.000163 | #:STRUCTURE-SLOTS
     0.001 |      0.000 |             0 |         478 |   0.000002 | #:TAGBODY-INFORMATION-DEFINITION-POINT
     0.001 |      0.000 |             0 |          40 |   0.000024 | #:NAME-CHAR
     0.001 |      0.000 |             0 |          10 |   0.000096 | #:LOWER-KEY-ARGUMENTS*
     0.001 |      0.000 |        32,768 |          95 |   0.000010 | #:SIMPLIFY-STRING
     0.001 |      0.000 |            96 |       2,726 |   0.000000 | #:FLUSH-MUTABLE-VARIABLES
     0.001 |      0.000 |             0 |       4,957 |   0.000000 | #:DECLARED-AS-P
     0.001 |      0.000 |             0 |          91 |   0.000009 | #:PASS1-GO
     0.001 |      0.000 |             0 |       6,181 |   0.000000 | #:SIMP-QUOTE
     0.001 |      0.000 |        65,504 |          85 |   0.000010 | #:EXPAND-DO
     0.001 |      0.000 |             0 |         258 |   0.000003 | #:MAKE-HASH-TABLE-ITERATOR
     0.001 |      0.000 |             0 |         268 |   0.000003 | #:IL-GO
     0.001 |      0.000 |             0 |         947 |   0.000001 | #:PICK-VARIABLES
     0.001 |      0.000 |             0 |         288 |   0.000002 | #:CP-GO
     0.001 |      0.000 |             0 |         307 |   0.000002 | #:CDDDR
     0.001 |      0.000 |             0 |          98 |   0.000007 | #:SUBSEQ
     0.001 |      0.000 |             0 |         354 |   0.000002 | #:LL-GO
     0.001 |      0.000 |             0 |       1,440 |   0.000000 | #:CDAR
     0.001 |      0.000 |             0 |         173 |   0.000003 | #:MAPCAN
     0.001 |      0.000 |             0 |       2,508 |   0.000000 | #:CAAR
     0.000 |      0.000 |             0 |       3,716 |   0.000000 | #:FUNCTION-SYMBOL
     0.000 |      0.000 |           112 |       1,513 |   0.000000 | #:FORM-VALUE
     0.000 |      0.000 |             0 |         782 |   0.000000 | #:LAMBDA-INFORMATION-ENABLE-KEYS
     0.000 |      0.000 |             0 |         153 |   0.000002 | #:SOME
     0.000 |      0.000 |             0 |      16,991 |   0.000000 | #:LL-VARIABLE
     0.000 |      0.000 |       262,064 |       5,145 |   0.000000 | #:READ-TOKEN
     0.000 |      0.000 |             0 |           6 |   0.000000 | #:EVAL-FEATURE-TEST
     0.000 |      0.000 |             0 |          17 |   0.000000 | #:BQ-COMPLETELY-PROCESS
     0.000 |      0.000 |             0 |         109 |   0.000000 | #:BQ-PROCESS
     0.000 |      0.000 |             0 |           6 |   0.000000 | #:|READ-#-FEATURES|
     0.000 |      0.000 |             0 |          26 |   0.000000 | #:|READ-#-COLON|
     0.000 |      0.000 |             0 |         312 |   0.000000 | #:NULL-OR-QUOTED
     0.000 |      0.000 |             0 |         228 |   0.000000 | #:HANDLE-TOP-LEVEL-IMPLICIT-PROGN
     0.000 |      0.000 |             0 |         145 |   0.000000 | #:BRACKET
     0.000 |      0.000 |             0 |          11 |   0.000000 | #:READ-BACKQUOTE
     0.000 |      0.000 |             0 |           1 |   0.000000 | #:PARSE-DEFSTRUCT-SLOT
     0.000 |      0.000 |             0 |         105 |   0.000000 | #:READ-SINGLE-QUOTE
     0.000 |      0.000 |     1,899,536 |      38,218 |   0.000000 | #:TERMINATING-MACRO-P
     0.000 |      0.000 |             0 |           1 |   0.000000 | #:USE-ONE-PACKAGE
     0.000 |      0.000 |             0 |           2 |   0.000000 | #:|READ-#-QUOTE|
     0.000 |      0.000 |             0 |         355 |   0.000000 | #:READ-DISPATCH-CHAR
     0.000 |      0.000 |             0 |         498 |   0.000000 | #:BQ-REMOVE-TOKENS
     0.000 |      0.000 |        31,952 |     535,218 |   0.000000 | #:HASH-TABLE-KEY-AT
     0.000 |      0.000 |             0 |           2 |   0.000000 | #:STRUCTURE-NAME
     0.000 |      0.000 |        65,760 |     287,632 |   0.000000 | #:HASH-TABLE-VALUE-AT
     0.000 |      0.000 |           720 |     330,961 |   0.000000 | #:EQL-HASH
     0.000 |      0.000 |        33,248 |   1,143,701 |   0.000000 | #:CANONICALIZE-INTEGER-TYPE
     0.000 |      0.180 |   111,438,032 |     394,148 |   0.000000 | #:TYPEEXPAND
     0.000 |      0.000 |             0 |          95 |   0.000000 | #:READ-DOUBLE-QUOTE
     0.000 |      0.656 |   160,525,776 |   7,732,077 |   0.000000 | #:TYPEEXPAND-1
     0.000 |      0.000 |             0 |          59 |   0.000000 | #:PARSE-EVAL-WHEN-SITUATION
     0.000 |      0.000 |        32,752 |          99 |   0.000000 | #:|READ-#-RADIX|
     0.000 |      0.000 |             0 |         218 |   0.000000 | #:|READ-#-BACKSLASH|
     0.000 |      0.000 |           544 |     353,509 |   0.000000 | #:COMPUTE-HASH
     0.000 |      0.000 |             0 |           4 |   0.000000 | #:HANDLE-RESTART-CASE-CLAUSE
     0.000 |      0.000 |             0 |      32,472 |   0.000000 | #:CASE-CORRECT
     0.000 |      0.000 |             0 |           1 |   0.000000 | #:GENERATE-DEFSTRUCT-CONSTRUCTOR
     0.000 |      0.000 |             0 |           2 |   0.000000 | #:PARSE-DEFSTRUCT-OPTIONS
     0.000 |      0.000 |             0 |         100 |   0.000000 | #:BINARY-LOGAND
     0.000 |      0.000 |            48 |       4,945 |   0.000000 | #:HASH-TABLE-ITERATOR-NEXT
     0.000 |      0.000 |        32,752 |          31 |   0.000000 | #:READ-COMMA
     0.000 |      0.000 |             0 |          56 |   0.000000 | #:BQ-SIMPLIFY-ARGS
     0.000 |      0.000 |             0 |      20,222 |   0.000000 | #:FIND-PACKAGE-OR-DIE
     0.000 |      0.000 |             0 |         136 |   0.000000 | #:BQ-ATTACH-CONSES
     0.000 |      0.000 |             0 |          83 |   0.000000 | #:BINARY-+
     0.000 |      0.000 |             0 |          11 |   0.000000 | #:BINARY-*
     0.000 |      0.000 |             0 |           4 |   0.000000 | #:|READ-#-LEFT-PARENTHESIS|
     0.000 |      0.000 |             0 |          36 |   0.000000 | #:COERCE-TO-CONDITION
     0.000 |      0.000 |             0 |          98 |   0.000000 | #:SUBSEQ-LIST
     0.000 |      0.000 |           512 |      14,094 |   0.000000 | #:MAKE-SIMPLE-ARRAY
     0.000 |      0.000 |             0 |           1 |   0.000000 | #:%DEFPACKAGE
     0.000 |      0.000 |             0 |           2 |   0.000000 | #:MAKE-STRUCT-TYPE
     0.000 |      0.000 |             0 |           1 |   0.000000 | #:GENERATE-SIMPLE-DEFSTRUCT-CONSTRUCTOR
     0.000 |      0.000 |       166,064 |     353,544 |   0.000000 | #:FIND-HASH-TABLE-SLOT
     0.000 |      0.000 |        92,992 |     122,481 |   0.000000 | #:READTABLE-SYNTAX-TYPE
     0.000 |      0.000 |             0 |      38,005 |   0.000000 | #:WHITESPACE[2]P
     0.000 |      0.000 |             0 |          65 |   0.000000 | #:BQ-ATTACH-APPEND
     0.000 |      0.000 |             0 |         867 |   0.000000 | #:INVALIDP
     0.000 |      0.000 |             0 |         252 |   0.000000 | #:|IGNORE-#-ARGUMENT|
     0.000 |      0.000 |             0 |          15 |   0.000000 | #:SINGLE-MAPCAR
     0.000 |      0.000 |        32,752 |          12 |   0.000000 | #:EXPAND-DESTRUCTURING-LAMBDA-LIST
     0.000 |      0.000 |       231,872 |   6,185,551 |   0.000000 | #:OR-TYPE
     0.000 |      0.000 |             0 |         145 |   0.000000 | #:BQ-SPLICING-FROB
     0.000 |      0.000 |             0 |           6 |   0.000000 | #:|READ-#-PLUS|
     0.000 |      0.000 |        28,976 |       4,869 |   0.000000 | #:MAYBE-PARSE-NUMBER
     0.000 |      0.000 |             0 |         803 |   0.000000 | #:BQ-SIMPLIFY
     0.000 |      0.581 |   330,951,056 |         257 |   0.000000 | #:ASSEMBLE-LAP
     0.000 |      0.000 |       106,736 |       1,348 |   0.000000 | #:INITIALIZE-FROM-SEQUENCE
     0.000 |      0.000 |        63,696 |       2,660 |   0.000000 | #:READ-LEFT-PARENTHESIS
     0.000 |      0.000 |       349,792 |   6,470,675 |   0.000000 | #:AREF-1
     0.000 |      0.000 |             0 |           4 |   0.000000 | #:FIX-LAMBDA-LIST-ENVIRONMENT
     0.000 |      0.000 |             0 |         492 |   0.000000 | #:READ-COMMON
     0.000 |      0.000 |             0 |       1,267 |   0.000000 | #:MAPTREE
     0.000 |      0.000 |             0 |           2 |   0.000000 | #:%DEFSTRUCT
     0.000 |      0.000 |             0 |           5 |   0.000000 | #:BINARY-LOGIOR
     0.000 |      0.000 |       687,872 |          35 |   0.000000 | #:HASH-TABLE-REHASH
     0.000 |      0.000 |             0 |         427 |   0.000000 | #:TAG-SAVED-ON-STACK-P
     0.000 |      0.000 |        65,504 |         759 |   0.000000 | #:SET-UP-FOR-BRANCH
     0.000 |      0.000 |    15,067,600 |     124,673 |   0.000000 | #:DETECT-USES
     0.000 |      0.000 |             0 |          41 |   0.000000 | #:LL-MULTIPLE-VALUE-BIND
     0.000 |      0.000 |             0 |       9,591 |   0.000000 | #:IL-IMPLICIT-PROGN
     0.000 |      0.000 |             0 |          27 |   0.000000 | #:LAMBDA-INFORMATION-ALLOW-OTHER-KEYS
     0.000 |      0.000 |             0 |         766 |   0.000000 | #:LL-LAMBDA
     0.000 |      0.000 |             0 |           2 |   0.000000 | #:LL-UNWIND-PROTECT
     0.000 |      0.000 |             0 |           2 |   0.000000 | #:IL-UNWIND-PROTECT
     0.000 |      0.000 |             0 |           8 |   0.000000 | #:SIMP-MULTIPLE-VALUE-CALL
     0.000 |      0.000 |             0 |         332 |   0.000000 | #:IL-TAGBODY
     0.000 |      0.000 |             0 |       1,437 |   0.000000 | #:FIND-STACK-SLOT
     0.000 |      0.000 |             0 |         156 |   0.000000 | #:SIMP-THE
     0.000 |      0.000 |       556,944 |         734 |   0.000000 | #:COPY-FORM
     0.000 |      0.000 |        65,520 |         585 |   0.000000 | #:CG-IF
     0.000 |      0.000 |       229,136 |         256 |   0.000000 | #:GENERATE-ENTRY-CODE
     0.000 |      0.000 |             0 |           1 |   0.000000 | #:GENERATE-BUILTIN-FUNCTIONS
     0.000 |      0.000 |             0 |       5,084 |   0.000000 | #:SMASH-R8
     0.000 |      0.000 |             0 |       3,121 |   0.000000 | #:LEXICAL-VARIABLE-IGNORE
     0.000 |      0.000 |             0 |          31 |   0.000000 | #:CG-THE
     0.000 |      0.000 |             0 |       7,096 |   0.000000 | #:LAMBDA-INFORMATION-OPTIONAL-ARGS
     0.000 |      0.000 |        30,928 |      22,856 |   0.000000 | #:IL-FORM
     0.000 |      0.000 |       163,760 |       5,699 |   0.000000 | #:CP-VARIABLE
     0.000 |      0.000 |        28,480 |       1,355 |   0.000000 | #:COPY-STACK-VALUES
     0.000 |      0.000 |       163,808 |       2,199 |   0.000000 | #:CG-FUNCTION-FORM
     0.000 |      0.000 |       655,200 |         584 |   0.000000 | #:PASS1-LET
     0.000 |      0.000 |             0 |          26 |   0.000000 | #:LL-MULTIPLE-VALUE-CALL
     0.000 |      0.000 |        65,520 |          93 |   0.000000 | #:PASS1-LET*
     0.000 |      0.000 |             0 |           1 |   0.000000 | #:PASS1-UNWIND-PROTECT
     0.000 |      0.000 |             0 |          17 |   0.000000 | #:BIND
     0.000 |      0.000 |             0 |         370 |   0.000000 | #:LL-TAGBODY
     0.000 |      0.000 |             0 |       5,371 |   0.000000 | #:LOCALP
     0.000 |      0.000 |             0 |           5 |   0.000000 | #:LIFT-LAMBDA
     0.000 |      0.000 |             0 |         342 |   0.000000 | #:CP-TAGBODY
     0.000 |      0.000 |             0 |       5,607 |   0.000000 | #:SIMP-FUNCTION-FORM
     0.000 |      0.000 |             0 |          17 |   0.000000 | #:LAMBDA-INFORMATION-LAMBDA-LIST
     0.000 |      0.000 |             0 |         300 |   0.000000 | #:PREDICATE-RESULT
     0.000 |      0.000 |             0 |         207 |   0.000000 | #:PASS1-FUNCTION
     0.000 |      0.000 |             0 |          95 |   0.000000 | #:CHARACTER-TO-RAW
     0.000 |      0.000 |             0 |         274 |   0.000000 | #:IL-PROGN
     0.000 |      0.000 |        32,608 |      54,041 |   0.000000 | #:LEXICAL-VARIABLE-USED-IN
     0.000 |      0.000 |             0 |         184 |   0.000000 | #:LL-THE
     0.000 |      0.000 |           112 |      10,208 |   0.000000 | #:LL-FUNCTION-FORM
     0.000 |      0.000 |             0 |       8,322 |   0.000000 | #:CP-IMPLICIT-PROGN
     0.000 |      0.000 |             0 |         658 |   0.000000 | #:SIMP-SETQ
     0.000 |      0.000 |             0 |         257 |   0.000000 | #:CODEGEN-LAMBDA
     0.000 |      0.000 |        65,520 |       1,513 |   0.000000 | #:CP-IF
     0.000 |      0.000 |             0 |         679 |   0.000000 | #:PARSE-DECLARES
     0.000 |      0.000 |       131,072 |         426 |   0.000000 | #:CG-LET
     0.000 |      0.000 |             0 |       2,199 |   0.000000 | #:MATCH-BUILTIN
     0.000 |      0.000 |       556,752 |       6,326 |   0.000000 | #:LOAD-CONSTANT
     0.000 |      0.000 |             0 |         380 |   0.000000 | #:SIMP-BLOCK
     0.000 |      0.000 |       491,328 |       9,227 |   0.000000 | #:CG-FORM
     0.000 |      0.000 |             0 |      22,985 |   0.000000 | #:SIMP-FORM
     0.000 |      0.000 |        31,632 |       3,557 |   0.000000 | #:COMPILER-MACROEXPAND-1
     0.000 |      0.000 |     1,146,160 |      23,461 |   0.000000 | #:LOWER-KEYWORD-ARGUMENTS
     0.000 |      0.000 |             0 |         235 |   0.000000 | #:PASS1-BLOCK
     0.000 |      0.000 |             0 |       3,253 |   0.000000 | #:FIXNUM-TO-RAW
     0.000 |      0.000 |             0 |         218 |   0.000000 | #:RUN-OPTIMIZERS
     0.000 |      0.000 |             0 |         416 |   0.000000 | #:LL-BLOCK
     0.000 |      0.000 |        65,520 |         173 |   0.000000 | #:PASS1-TAGBODY
     0.000 |      0.000 |             0 |         259 |   0.000000 | #:PASS1-SETQ
     0.000 |      0.000 |             0 |          92 |   0.000000 | #:CG-TAGBODY
     0.000 |      0.000 |             0 |         495 |   0.000000 | #:SIMP-LAMBDA
     0.000 |      0.000 |             0 |          14 |   0.000000 | #:IL-MULTIPLE-VALUE-BIND
     0.000 |      0.000 |        32,768 |          78 |   0.000000 | #:LOAD-PREDICATE
     0.000 |      0.000 |        61,968 |         846 |   0.000000 | #:CG-PROGN
     0.000 |      0.000 |     1,014,400 |      11,524 |   0.000000 | #:PASS1-FORM
     0.000 |      0.000 |        98,272 |       1,130 |   0.000000 | #:RAISE-TYPE-ERROR
     0.000 |      0.000 |             0 |       1,507 |   0.000000 | #:CP-LET
     0.000 |      0.000 |             0 |       7,755 |   0.000000 | #:SIMP-IMPLICIT-PROGN
     0.000 |      0.000 |             0 |       1,170 |   0.000000 | #:EMIT-LABEL
     0.000 |      0.000 |             0 |         279 |   0.000000 | #:LAMBDA-INFORMATION-NAME
     0.000 |      0.000 |        98,272 |       5,507 |   0.000000 | #:EXPAND-INLINE-FUNCTION
     0.000 |      0.000 |             0 |           1 |   0.000000 | #:PASS1-FLET
     0.000 |      0.000 |       229,360 |         270 |   0.000000 | #:PASS1-LAMBDA
     0.000 |      0.000 |             0 |          99 |   0.000000 | #:CG-RETURN-FROM
     0.000 |      0.000 |            96 |      23,670 |   0.000000 | #:LL-IMPLICIT-PROGN
     0.000 |      0.000 |             0 |          23 |   0.000000 | #:CP-MULTIPLE-VALUE-BIND
     0.000 |      0.000 |             0 |          17 |   0.000000 | #:IL-MULTIPLE-VALUE-CALL
     0.000 |      0.000 |             0 |          12 |   0.000000 | #:PASS1-MULTIPLE-VALUE-CALL
     0.000 |      0.000 |             0 |           2 |   0.000000 | #:SIMP-UNWIND-PROTECT
     0.000 |      0.000 |             0 |         379 |   0.000000 | #:CP-BLOCK
     0.000 |      0.000 |             0 |       4,842 |   0.000000 | #:LEXICAL-VARIABLE-WRITE-COUNT
     0.000 |      0.000 |             0 |       1,433 |   0.000000 | #:IL-IF
     0.000 |      0.000 |             0 |          39 |   0.000000 | #:CG-LAMBDA
     0.000 |      0.000 |             0 |         508 |   0.000000 | #:IL-LAMBDA
     0.000 |      0.000 |             0 |         771 |   0.000000 | #:PARSE-LET-BINDING
     0.000 |      0.000 |             0 |         355 |   0.000000 | #:LOAD-MULTIPLE-VALUES
     0.000 |      0.000 |             0 |       1,653 |   0.000000 | #:BRANCH-TO
     0.000 |      0.000 |       656,224 |       3,500 |   0.000000 | #:PASS1-IMPLICIT-PROGN
     0.000 |      0.000 |             0 |           1 |   0.000000 | #:CG-UNWIND-PROTECT
     0.000 |      0.000 |             0 |         379 |   0.000000 | #:IL-BLOCK
     0.000 |      0.000 |             0 |       5,272 |   0.000000 | #:LAMBDA-INFORMATION-P
     0.000 |      0.000 |             0 |           8 |   0.000000 | #:CP-MULTIPLE-VALUE-CALL
     0.000 |      0.000 |             0 |         758 |   0.000000 | #:LL-SETQ
     0.000 |      0.000 |             0 |         306 |   0.000000 | #:LL-RETURN-FROM
     0.000 |      0.000 |             0 |       1,457 |   0.000000 | #:IL-LET
     0.000 |      0.000 |             0 |         607 |   0.000000 | #:IL-SETQ
     0.000 |      0.000 |             0 |           8 |   0.000000 | #:GO-TAG-TAGBODY
     0.000 |      0.000 |             0 |         306 |   0.000000 | #:INVERT-PREDICATE
     0.000 |      0.000 |             0 |          20 |   0.000000 | #:VARIABLE-NAME
     0.000 |      0.000 |             0 |       1,710 |   0.000000 | #:LL-IF
     0.000 |      0.000 |             0 |           7 |   0.000000 | #:GO-TAG-NAME
     0.000 |      0.000 |             0 |       1,512 |   0.000000 | #:SIMP-IF
     0.000 |      0.000 |       851,568 |       3,417 |   0.000000 | #:LOAD-IN-R8
     0.000 |      0.000 |             0 |      16,686 |   0.000000 | #:CONDEMED-P
     0.000 |      0.000 |        61,888 |      49,098 |   0.000000 | #:LL-FORM
     0.000 |      0.000 |             0 |         661 |   0.000000 | #:UNBIND-TO
     0.000 |      0.000 |        32,736 |         657 |   0.000000 | #:CP-SETQ
     0.000 |      0.000 |             0 |         657 |   0.000000 | #:PASS1-PROGN
     0.000 |      0.000 |             0 |         109 |   0.000000 | #:PASS1-THE
     0.000 |      0.000 |        67,312 |         531 |   0.000000 | #:PASS1-IF
     0.000 |      0.000 |             0 |         274 |   0.000000 | #:IL-RETURN-FROM
     0.000 |      0.000 |             0 |         273 |   0.000000 | #:SIMP-RETURN-FROM
     0.000 |      0.000 |        65,520 |         444 |   0.000000 | #:FIXNUM-CHECK
     0.000 |      0.000 |             0 |         288 |   0.000000 | #:SIMP-GO
     0.000 |      0.000 |             0 |      23,463 |   0.000000 | #:CP-FORM
     0.000 |      0.000 |             0 |         218 |   0.000000 | #:COMPILE-LAMBDA
     0.000 |      0.000 |       196,560 |         931 |   0.000000 | #:EXPAND-CONSTANT-VARIABLE
     0.000 |      0.000 |             0 |       5,600 |   0.000000 | #:CP-FUNCTION-FORM
     0.000 |      0.000 |        32,736 |       1,225 |   0.000000 | #:SIMP-LET
     0.000 |      0.000 |        32,768 |          82 |   0.000000 | #:CG-BLOCK
     0.000 |      0.000 |        65,488 |       2,396 |   0.000000 | #:LOAD-IN-REG
     0.000 |      0.000 |             0 |          92 |   0.000000 | #:TAGBODY-LOCALP
     0.000 |      0.000 |             0 |         488 |   0.000000 | #:CHECK-VARIABLE-USAGE
     0.000 |      0.000 |        32,768 |       2,311 |   0.000000 | #:PASS1-FUNCTION-FORM
     0.000 |      0.000 |        65,520 |         973 |   0.000000 | #:PREP-ARGUMENTS-FOR-CALL
     0.000 |      0.000 |        98,112 |         287 |   0.000000 | #:MAKE-LAMBDA-INFORMATION
     0.000 |      0.000 |             0 |         156 |   0.000000 | #:CP-THE
     0.000 |      0.000 |             0 |         237 |   0.000000 | #:FIND-VARIABLE-HOME
     0.000 |      0.000 |             0 |         494 |   0.000000 | #:CP-LAMBDA
     0.000 |      0.000 |             0 |         156 |   0.000000 | #:IL-THE
     0.000 |      0.000 |             0 |         270 |   0.000000 | #:PARSE-LAMBDA
     0.000 |      0.000 |             0 |           1 |   0.000000 | #:FROB-FLET-FUNCTION
     0.000 |      0.000 |             0 |         242 |   0.000000 | #:CG-SETQ
     0.000 |      0.000 |             0 |           4 |   0.000000 | #:UNWIND-TO
     0.000 |      0.000 |             0 |       5,507 |   0.000000 | #:IL-FUNCTION-FORM
     0.000 |      0.000 |             0 |         272 |   0.000000 | #:CP-RETURN-FROM
     0.000 |      0.000 |       196,576 |       5,532 |   0.000000 | #:VALUE-LOCATION
     0.000 |      0.000 |             0 |           2 |   0.000000 | #:CP-UNWIND-PROTECT
     0.000 |      0.000 |             0 |         309 |   0.000000 | #:CP-PROGN
     0.000 |      0.000 |             0 |       1,158 |   0.000000 | #:PASS1-QUOTE
     0.000 |      0.000 |        32,752 |           8 |   0.000000 | #:CG-MULTIPLE-VALUE-BIND
     0.000 |      0.000 |        32,768 |       2,200 |   0.000000 | #:CG-VARIABLE
     0.000 |      0.000 |             0 |           6 |   0.000000 | #:CG-VALUES
     0.000 |      0.000 |             0 |         108 |   0.000000 | #:PASS1-RETURN-FROM
     0.000 |      0.000 |       196,576 |         259 |   0.000000 | #:SIMP-TAGBODY
     0.000 |      0.000 |             0 |         122 |   0.000000 | #:LEXICAL-VARIABLE-DYNAMIC-EXTENT
     0.000 |      0.000 |             0 |       1,712 |   0.000000 | #:LL-LET
     0.000 |      0.000 |             0 |          17 |   0.000000 | #:LAMBDA-INFORMATION-DOCSTRING
     0.000 |      0.000 |             0 |         416 |   0.000000 | #:SIMP-PROGN
     0.000 |      0.000 |             0 |         301 |   0.000000 | #:CONSTANT-TYPE-P
     0.000 |      0.000 |             0 |          23 |   0.000000 | #:SIMP-MULTIPLE-VALUE-BIND
     0.000 |      0.000 |             0 |         189 |   0.000000 | #:MAKE-TAGBODY-INFORMATION
     0.000 |      0.000 |        30,896 |       1,259 |   0.000000 | #:MAKE-VARIABLE
     0.000 |      0.000 |             0 |         305 |   0.000000 | #:LL-PROGN
     0.000 |      0.000 |             0 |           3 |   0.000000 | #:CG-MULTIPLE-VALUE-CALL
     0.000 |      0.000 |             0 |           5 |   0.000000 | #:ARGUMENTS-MATCH-LAMBDA-LIST
     0.000 |      0.000 |             0 |         136 |   0.000000 | #:LEXICAL-VARIABLE-NAME
     0.000 |      0.000 |             0 |         690 |   0.000000 | #:FLUSH-FORM
     0.000 |      0.000 |             0 |         271 |   0.000000 | #:PARSE-ORDINARY-LAMBDA-LIST
     0.000 |      0.000 |             0 |       3,260 |   0.000000 | #:SYMBOL-MACRO-FUNCTION
     0.000 |      0.000 |             0 |       2,190 |   0.000000 | #:VARIABLE-INFORMATION
     0.000 |      0.000 |        32,624 |     163,347 |   0.000000 | #:FIXNUMP
     0.000 |      0.000 |       163,776 |         342 |   0.000000 | #:REMOVE-IF-NOT
     0.000 |      0.000 |             0 |          18 |   0.000000 | #:SIGNAL
     0.000 |      0.000 |             0 |           2 |   0.000000 | #:CADAAR
     0.000 |      0.000 |     2,493,520 |      12,632 |   0.000000 | #:FIND-SYMBOL
     0.000 |      0.000 |             0 |           1 |   0.000000 | #:IMPORT
     0.000 |      0.000 |             0 |          90 |   0.000000 | #:EQ
     0.000 |      0.000 |             0 |         138 |   0.000000 | #:FUNCTION-LAMBDA-EXPRESSION
     0.000 |      0.000 |        98,288 |       1,253 |   0.000000 | #:APPEND
     0.000 |      0.000 |             0 |          90 |   0.000000 | #:SYMBOLP
     0.000 |      0.000 |     1,343,280 |       7,577 |   0.000000 | #:INTERN
     0.000 |      0.000 |             0 |         492 |   0.000000 | #:READ
     0.000 |      0.000 |             0 |         492 |   0.000000 | #:STREAMP
     0.000 |      0.000 |             0 |         168 |   0.000000 | #:EVERY
     0.000 |      8.877 | 1,477,067,184 |  21,119,389 |   0.000000 | #:TYPEP
     0.000 |      0.000 |             0 |         100 |   0.000000 | #:FIFTH
     0.000 |      0.000 |             0 |         342 |   0.000000 | #:DELETE-IF
     0.000 |      0.000 |             0 |           1 |   0.000000 | #:SET-DIFFERENCE
     0.000 |      0.000 |    20,223,376 |   2,258,676 |   0.000000 | #:ARRAY-DIMENSIONS
     0.000 |      0.000 |             0 |       1,869 |   0.000000 | #:CADDR
     0.000 |      0.000 |             0 |          18 |   0.000000 | #:MAPCAR
     0.000 |      0.000 |             0 |          98 |   0.000000 | #:CADAR
     0.000 |      0.000 |       724,512 |      11,148 |   0.000000 | #:MAKE-ARRAY
     0.000 |      0.000 |           736 |     263,768 |   0.000000 | #:KEYWORDP
     0.000 |      0.000 |        31,920 |      14,094 |   0.000000 | #:UPGRADED-ARRAY-ELEMENT-TYPE
     0.000 |      0.000 |             0 |          90 |   0.000000 | #:FIND-CLASS
     0.000 |      0.000 |             0 |       6,734 |   0.000000 | #:NREVERSE
     0.000 |      0.000 |             0 |       3,557 |   0.000000 | #:COMPILER-MACRO-FUNCTION
     0.000 |      0.000 |             0 |           1 |   0.000000 | #:CDR
     0.000 |      0.000 |             0 |          86 |   0.000000 | #:HASH-TABLE-P
     0.000 |      0.000 |     1,567,200 |  19,948,751 |   0.000000 | #:LENGTH
     0.000 |      0.000 |             0 |      32,472 |   0.000000 | #:READTABLE-CASE
     0.000 |      0.000 |    19,094,032 |     279,227 |   0.000000 | #:FIND-PACKAGE
     0.000 |      0.000 |             0 |          49 |   0.000000 | #:CAR
     0.000 |      0.000 |             0 |           4 |   0.000000 | #:VECTOR
     0.000 |      0.000 |       133,216 |     902,524 |   0.000000 | #:VECTOR-PUSH-EXTEND
     0.000 |      0.000 |       190,592 |   6,061,059 |   0.000000 | #:ELT
     0.000 |      0.000 |             0 |           2 |   0.000000 | #:CAAAR
     0.000 |      0.000 |     5,343,040 |   1,129,196 |   0.000000 | #:AREF
     0.000 |      0.000 |             0 |          26 |   0.000000 | #:MAKE-SYMBOL
     0.000 |      0.000 |        65,536 |       1,191 |   0.000000 | #:MACROEXPAND-1
     0.000 |      0.000 |             0 |       5,847 |   0.000000 | #:DELETE
     0.000 |      0.000 |        24,656 |       1,026 |   0.000000 | #:SLOT-VALUE
     0.000 |      0.000 |       229,264 |       2,145 |   0.000000 | #:FIND
     0.000 |      2.155 |   577,795,104 |   4,479,392 |   0.000000 | #:STRING=
     0.000 |      0.000 |       499,120 |       8,715 |   0.000000 | #:REMOVE-IF
     0.000 |      0.000 |        58,176 |      22,872 |   0.000000 | #:SXHASH
     0.000 |      0.000 |        87,168 |     349,176 |   0.000000 | #:EQUAL
     0.000 |      0.000 |        35,920 |     864,278 |   0.000000 | #:HASH-TABLE-SIZE
     0.000 |      0.000 |             0 |          21 |   0.000000 | #:CONSP
     0.000 |      0.000 |             0 |          36 |   0.000000 | #:GET-PROPERTIES
     0.000 |      0.000 |        62,176 |     260,845 |   0.000000 | #:CHAR
     0.000 |      0.000 |       215,504 |     902,524 |   0.000000 | #:VECTOR-PUSH
     0.000 |      0.362 |   287,760,080 |   2,258,676 |   0.000000 | #:ARRAY-ROW-MAJOR-INDEX
     0.000 |      0.000 |             0 |          10 |   0.000000 | #:MEMBER
     0.000 |      0.000 |         2,224 |          18 |   0.000000 | #:WARN
     0.000 |      0.000 |             0 |         452 |   0.000000 | #:COUNT-IF
     0.000 |      0.000 |             0 |       1,438 |   0.000000 | #:MAKE-HASH-TABLE
     0.000 |      0.000 |        40,880 |          18 |   0.000000 | #:ALLOCATE-INSTANCE
     0.000 |      0.000 |        32,752 |         197 |   0.000000 | #:GET-SETF-EXPANSION
     0.000 |      0.000 |        80,016 |          36 |   0.000000 | #:MAKE-INSTANCE
     0.000 |      0.000 |             0 |      22,872 |   0.000000 | #:BIT-VECTOR-P
     0.000 |      0.000 |             0 |          18 |   0.000000 | #:MAKE-CONDITION
     0.000 |      0.000 |             0 |          18 |   0.000000 | #:SHARED-INITIALIZE
     0.000 |      0.000 |        65,520 |       2,090 |   0.000000 | #:NCONC
     0.000 |      0.367 |     9,204,896 |     197,074 |   0.000000 | #:SUBTYPEP
     0.000 |      0.000 |             0 |          18 |   0.000000 | #:INITIALIZE-INSTANCE
     0.000 |      0.000 |             0 |           1 |   0.000000 | #:PACKAGE-NAME
     0.000 |      0.000 |        59,360 |       5,730 |   0.000000 | #:DIGIT-CHAR-P
     0.000 |      0.000 |     1,415,056 |  41,551,164 |   0.000000 | #:GET
     0.000 |      0.000 |             0 |          56 |   0.000000 | #:NRECONC
     0.000 |      0.000 |             0 |         178 |   0.000000 | #:CDDAR
     0.000 |      0.000 |     3,968,128 |       2,946 |   0.000000 | #:ADJUST-ARRAY
     0.000 |      0.000 |             0 |         136 |   0.000000 | #:NOTANY
     0.000 |      0.000 |             0 |         355 |   0.000000 | #:GET-DISPATCH-MACRO-CHARACTER
     0.000 |      0.000 |             0 |           2 |   0.000000 | #:CADDAR
     0.000 |      0.000 |       753,456 |         258 |   0.000000 | #:MAPHASH
     0.000 |      0.000 |         4,400 |     325,197 |   0.000000 | #:GETHASH
     0.000 |      0.000 |             0 |          24 |   0.000000 | #:-
     0.000 |      0.000 |             0 |       2,134 |   0.000000 | #:NTHCDR
     0.000 |      0.000 |             0 |           1 |   0.000000 | #:PACKAGE-USED-BY-LIST
     0.000 |      0.000 |             0 |         301 |   0.000000 | #:NULL
     0.000 |      0.000 |        60,896 |      47,105 |   0.000000 | #:GET-MACRO-CHARACTER
     0.000 |      0.000 |             0 |      28,312 |   0.000000 | #:HASH-TABLE-COUNT
     0.000 |      0.000 |             0 |           1 |   0.000000 | #:USE-PACKAGE
     0.000 |      0.000 |             0 |       3,348 |   0.000000 | #:CLASS-OF
     0.000 |      0.000 |        64,000 |      24,033 |   0.000000 | #:POSITION
     0.000 |      0.000 |       196,560 |       1,255 |   0.000000 | #:FUNCALL
-----------------------------------------------------------------
    36.125 |     14.642 | 3,377,908,112 | 483,497,915 |            | Total

estimated total profiling overhead: 1045.32 seconds
overhead estimation parameters:
  8.000001e-9s/call, 2.162e-6s total profiling, 9.96e-7s internal profiling

